merge sort:
0.00208171
0.00807916
0.0175809
0.08684
0.188204
0.0011939
0.00724557
0.0146024
0.0817415
0.171301
0.00178483
0.00666267
0.0141689
0.0753433
0.147389
0.00110447
0.00601136
0.0117161
0.0607365
0.130684
0.000935495
0.00487227
0.00977827
0.0543094
0.109564
0.000853419
0.00439135
0.009326
0.0522734
0.106861
0.00116287
0.0045775
0.00946157
0.0536786
0.11452
0.00112827
0.00475783
0.0110147
0.0542392
0.112686
quick sort:
0.000491495
0.00363815
0.00583213
0.0372327
0.0788491
0.000863667
0.00289531
0.00607953
0.0334594
0.0714858
0.000549043
0.00417969
0.0102319
0.0687788
0.1849
0.000459473
0.00255868
0.00473035
0.0260152
0.0548393
0.000266831
0.00183748
0.00350001
0.0209936
0.0444928
0.000231688
0.00128479
0.00274235
0.0160319
0.0340396
0.00032384
0.00134348
0.00281584
0.0138622
0.0298613
0.000230652
0.000994141
0.00209928
0.0131457
0.0251633
intro sort:
0.000684169
0.00291063
0.00641155
0.0384491
0.0743522
0.000469614
0.00365663
0.0058771
0.034444
0.0764377
0.000588355
0.00309072
0.00707754
0.0420524
0.0962787
0.000414554
0.00242343
0.00603249
0.0299364
0.0619705
0.000377092
0.00219485
0.00482931
0.0249806
0.0497525
0.000240131
0.00136025
0.00286322
0.0162099
0.0348819
0.000224877
0.00128834
0.00273001
0.0149046
0.0321256
0.000279511
0.000963909
0.00242279
0.0122024
0.0260383
